door1 0 0 40 40 3
door2 0 40 40 40 3
door3 0 80 40 40 3
door4 0 120 40 40 3
pcp11 40 0 40 40 2
pcp12 40 40 40 40 2
pcp13 40 80 40 40 2
pcp14 80 0 40 40 2
pcp15 80 40 40 40 2
pcp16 80 80 40 40 2
pcp21 120 0 40 40 2
pcp22 120 40 40 40 2
pcp23 120 80 40 40 2
pcp24 160 0 40 40 2
pcp25 160 40 40 40 2
pcp26 160 80 40 40 2
pcp31 200 0 40 40 2
pcp32 200 40 40 40 2
pcp33 200 80 40 40 2
pcp34 240 0 40 40 2
pcp35 240 40 40 40 2
pcp36 240 80 40 40 2
bcp11 0 160 40 40 2
bcp12 40 160 40 40 2
bcp13 80 160 40 40 2
bcp14 120 160 40 40 2
bcp15 160 160 40 40 2
bcp16 200 160 40 40 2
bcp17 240 160 40 40 2
bcp21 0 200 40 40 2
bcp22 40 200 40 40 2
bcp23 80 200 40 40 2
bcp24 120 200 40 40 2
bcp25 160 200 40 40 2
bcp26 200 200 40 40 2
bcp27 240 200 40 40 2
fbxTL 280 0 40 40 0
fbxBL 280 40 40 40 0
fbxTR 320 0 40 40 0
fbxBR 320 40 40 40 0
mbxTL 280 80 40 40 0
mbxBL 280 120 40 40 0
mbxTR 320 80 40 40 0
mbxBR 320 120 40 40 0
sppl1 40 120 40 40 0
fbxSM 80 120 40 40 0
mbxSM 120 120 40 40 0
aqplL 160 120 40 40 0
aqplR 200 120 40 40 0
aqplS 240 120 40 40 0
sh1TL 280 160 40 40 0
sh1BL 280 200 40 40 0
sh1TR 320 160 40 40 0
sh1BR 320 200 40 40 0
sh2TL 360 0 40 40 0
sh2BL 360 40 40 40 0
sh2TR 400 0 40 40 0
sh2BR 400 40 40 40 0
sh3TL 360 80 40 40 0
sh3BL 360 120 40 40 0
sh3TR 400 80 40 40 0
sh3BR 400 120 40 40 0
sh4TL 360 160 40 40 0
sh4BL 360 200 40 40 0
sh4TR 400 160 40 40 0
sh4BR 400 200 40 40 0
ebxTL 440 0 40 40 0
ebxBL 440 40 40 40 0
ebxTR 480 0 40 40 0
ebxBR 480 40 40 40 0
exTL 440 80 40 40 2
exBL 440 120 40 40 2
exTR 480 80 40 40 2
exBR 480 120 40 40 2
ebxSM 520 0 40 40 0
egplF1 520 40 40 40 0
egplF2 520 80 40 40 0
egplLa 520 120 40 40 1
egplE 520 160 40 40 0
egplM1 520 200 40 40 0
egplM2 560 0 40 40 0
egplM3 560 40 40 40 0
egplS 560 80 40 40 0
fzshE 560 120 40 40 0
fzshM 560 160 40 40 0
fzplS 560 200 40 40 0
fzplF1 600 0 40 40 0
fzplF2 600 40 40 40 0
fzplLa 600 80 40 40 1
fzplE 600 120 40 40 0
fzplM1 600 160 40 40 0
fzplM2 600 200 40 40 0
fzplM3 640 0 40 40 0
spplL1 640 40 40 40 0
spplM1 640 80 40 40 0
spplR1 680 0 40 40 0
spplL2 640 120 40 40 0
spplM2 640 200 40 40 0
spplR2 640 160 40 40 0
spikeA 680 40 40 40 1
spikeE 680 80 40 40 1